111111111111111111111111111111
110000000000000000000000000001
110000000000000000000000000001
110000000000000000000000000001
110000000000000000000000000011
111000000000000000000000000101
111100000000000000000000001001
110100000000000000000000010001
110010000000000000000000100001
110011000000000000000001000001
110001100000000000000010000001
110000110000000000000100000001
110000011000000000001000000001
110000001000000000010000000001
110000001100000000100000000001
110000000110000001000000000001
110000000011000010000000000001
110000000001100100000000000001
110000000000101000000000000001
110000000000110000000000000001
110000000000011000000000000001
110000000000001100000000000001
110000000000000110000000000001
110000000000000010000000000001
110000000000000011000000000001
110000000000000001100000000001
110000000000000000110000000001
110000000000S00000011000000001
100000000000000000001100000001
100000000000000000000100000001
111111111111111111111111111111
